0.000000
0.000039
0.000100
0.000196
0.000347
0.000587
0.000967
0.001572
0.002535
0.004069
0.006513
0.010408
0.016617
0.026512
0.042286
0.067430
0.107511
0.171405
0.273257
0.435620
0.694444
0.664910
0.636632
0.609557
0.583633
0.558812
0.535046
0.512291
0.490504
0.469643
0.449670
0.430546
0.412235
0.394703
0.377917
0.361845
0.346456
0.331721
0.317614
0.304106
0.291172
0.278789
0.266933
0.255580
0.244711
0.234303
0.224339
0.214798
0.205663
0.196916
0.188541
0.180523
0.172845
0.165495
0.158456
0.151717
0.145265
0.139087
0.133172
0.127508
0.122085
0.116893
0.111922
0.107162
0.102604
0.098241
0.094063
0.090062
0.086232
0.082565
0.079053
0.075691
0.072472
0.069390
0.066439
0.063613
0.060908
0.058318
0.055837
0.053463
0.051189
0.049012
0.046927
0.044932
0.043021
0.041191
0.039439
0.037762
0.036156
0.034618
0.033146
0.031736
0.030387
0.029094
0.027857
0.026672
0.025538
0.024452
0.023412
0.022416
0.021463
0.020550
0.019676
0.018839
0.018038
0.017271
0.016536
0.015833
0.015160
0.014515
0.013898
0.013307
0.012741
0.012199
0.011680
0.011183
0.010708
0.010252
0.009816
0.009399
0.008999
0.008616
0.008250
0.007899
0.007563
0.007242
0.006934
0.006639
0.006356
0.006086
0.005827
0.005579
0.005342
0.005115
0.004897
0.004689
0.004490
0.004299
0.004116
0.003941
0.003773
0.003613
0.003459
0.003312
0.003171
0.003036
0.002907
0.002784
0.002665
0.002552
0.002443
0.002339
0.002240
0.002145
0.002053
0.001966
0.001882
0.001802
0.001726
0.001652
0.001582
0.001515
0.001450
0.001389
0.001330
0.001273
0.001219
0.001167
0.001117
0.001070
0.001024
0.000981
0.000939
0.000899
0.000861
0.000824
0.000789
0.000756
0.000724
0.000693
0.000663
0.000635
0.000608
0.000582
0.000557
0.000534
0.000511
0.000489
0.000469
0.000449
0.000430
0.000411
0.000394
0.000377
0.000361
0.000346
0.000331
0.000317
0.000303
0.000290
0.000278
0.000266
0.000255
0.000244
0.000234
0.000224
0.000214
0.000205
0.000196
0.000188
0.000180
0.000172
0.000165
0.000158
0.000151
0.000145
0.000139
0.000133
0.000127
0.000122
0.000117
0.000112
0.000107
0.000102
0.000098
0.000094
0.000090
0.000086
0.000082
0.000079
0.000076
0.000072
0.000069
0.000066
0.000063
0.000061
0.000058
0.000056
0.000053
0.000051
0.000049
0.000047
0.000045
0.000043
0.000041
0.000039
0.000038
0.000036
0.000035
0.000033
0.000032
0.000030
0.000029
0.000028
0.000027
0.000025
0.000024
0.000023
0.000022
0.000021
0.000021
0.000020
0.000019
0.000018
0.000017
0.000016
0.000016
0.000015
0.000014
0.000014
0.000013
0.000013
0.000012
0.000012
0.000011
0.000011
0.000010
0.000010
0.000009
0.000009
0.000009
0.000008
0.000008
0.000008
0.000007
0.000007
0.000007
0.000006
0.000006
0.000006
0.000006
0.000005
0.000005
0.000005
0.000005
0.000004
0.000004
0.000004
0.000004
0.000004
0.000004
0.000003
0.000003
0.000003
0.000003
0.000003
0.000003
0.000003
0.000003
0.000002
0.000002
0.000002
0.000002
0.000002
0.000002
0.000002
0.000002
0.000002
0.000002
0.000002
0.000002
0.000001
0.000001
0.000001
0.000001
0.000001
0.000001
0.000001
0.000001
0.000001
0.000001
0.000001
0.000001
0.000001
0.000001
0.000001
0.000001
0.000001
0.000001
0.000001
0.000001
0.000001
0.000001
0.000001
0.000001
0.000001
0.000000
0.000000
0.000000
0.000000
0.000000
0.000000
0.000000
0.000000
0.000000
0.000000
0.000000
0.000000
0.000000
0.000000
0.000000
0.000000
0.000000
0.000000
0.000000
0.000000
0.000000
0.000000
0.000000
0.000000
0.000000
0.000000
0.000000
0.000000
0.000000
0.000000
0.000000
0.000000
0.000000
0.000000
0.000000
0.000000
0.000000
0.000000
0.000000
0.000000
0.000000
0.000000
0.000000
0.000000
0.000000
0.000000
0.000000
0.000000
0.000000
0.000000
0.000000
0.000000
0.000000
0.000000
0.000000
0.000000
0.000000
0.000000
0.000000
0.000000
0.000000
0.000000
0.000000
0.000000
0.000000
0.000000
0.000000
0.000000
0.000000
0.000000
0.000000
0.000000
0.000000
0.000000
0.000000
0.000000
0.000000
0.000000
0.000000
0.000000
0.000000
0.000000
0.000000
0.000000
0.000000
0.000000
0.000000
0.000000
0.000000
0.000000
0.000000
0.000000
0.000000
0.000000
0.000000
0.000000
0.000000
0.000000
0.000000
0.000000
0.000000
0.000000
0.000000
0.000000
0.000000
0.000000
0.000000
0.000000
0.000000
0.000000
0.000000
0.000000
0.000000
0.000000
0.000000
0.000000
0.000000
0.000000
0.000000
0.000000
0.000000
0.000000
0.000000
0.000000
0.000000
0.000000
0.000000
0.000000
0.000000
0.000000
0.000000
0.000000
0.000000
0.000000
0.000000
0.000000
0.000000
0.000000
0.000000
0.000000
0.000000
0.000000
0.000000
0.000000
0.000000
0.000000
0.000000
0.000000
0.000000
0.000000
0.000000
0.000000
0.000000
0.000000
0.000000
0.000000
0.000000
0.000000
0.000000
0.000000
0.000000
0.000000
0.000000
0.000000
0.000000
0.000000
0.000000
0.000000
0.000000
0.000000
0.000000
0.000000
0.000000
0.000000
0.000000
0.000000
0.000000
0.000000
0.000000
0.000000
0.000000
0.000000
0.000000
0.000000
0.000000
0.000000
0.000000
0.000000
0.000000
0.000000
0.000000
0.000000
0.000000
0.000000
0.000000
0.000000
0.000000
0.000000
0.000000
0.000000
0.000000
0.000000
0.000000
0.000000
0.000000
0.000000
0.000000
0.000000
0.000000
0.000000
0.000000
0.000000
0.000000
0.000000
0.000000
0.000000
0.000000
0.000000
0.000000
0.000000
0.000000
0.000000
0.000000
0.000000
0.000000
0.000000
0.000000
0.000000
0.000000
0.000000
0.000000
0.000000
0.000000
0.000000
0.000000
0.000000
0.000000
0.000000
0.000000
0.000000
0.000000
0.000000
0.000000
0.000000
0.000000
0.000000
0.000000
0.000000
0.000000
0.000000
0.000000
0.000000
0.000000
0.000000
0.000000
0.000000
0.000000
0.000000
0.000000
0.000000
0.000000
0.000000
0.000000
0.000000
0.000000
0.000000
0.000000
0.000000
0.000000
0.000000
0.000000
0.000000
0.000000
0.000000
0.000000
0.000000
0.000000
0.000000
0.000000
0.000000
0.000000
0.000000
0.000000
0.000000
0.000000
0.000000
0.000000
0.000000
0.000000
0.000000
0.000000
0.000000
0.000000
0.000000
0.000000
0.000000
0.000000
0.000000
0.000000
0.000000
0.000000
0.000000
0.000000
0.000000
0.000000
0.000000
0.000000
0.000000
0.000000
0.000000
0.000000
0.000000
0.000000
0.000000
0.000000
0.000000
0.000000
0.000000
0.000000
0.000000
0.000000
0.000000
0.000000
0.000000
0.000000
0.000000
0.000000
0.000000
0.000000
0.000000
0.000000
0.000000
0.000000
0.000000
0.000000
0.000000
0.000000
0.000000
0.000000
0.000000
0.000000
0.000000
0.000000
0.000000
0.000000
0.000000
0.000000
0.000000
0.000000
0.000000
0.000000
0.000000
0.000000
0.000000
0.000000
0.000000
0.000000
0.000000
0.000000
0.000000
0.000000
0.000000
0.000000
0.000000
0.000000
0.000000
0.000000
0.000000
0.000000
0.000000
0.000000
0.000000
0.000000
0.000000
0.000000
0.000000
0.000000
0.000000
0.000000
0.000000
0.000000
0.000000
0.000000
0.000000
0.000000
0.000000
0.000000
0.000000
0.000000
0.000000
0.000000
0.000000
0.000000
0.000000
0.000000
0.000000
0.000000
0.000000
0.000000
0.000000
0.000000
0.000000
0.000000
0.000000
0.000000
0.000000
0.000000
0.000000
0.000000
0.000000
0.000000
0.000000
0.000000
0.000000
0.000000
0.000000
0.000000
0.000000
0.000000
0.000000
0.000000
0.000000
0.000000
0.000000
0.000000
0.000000
0.000000
0.000000
0.000000
0.000000
0.000000
0.000000
0.000000
0.000000
0.000000
0.000000
0.000000
0.000000
0.000000
0.000000
0.000000
0.000000
0.000000
0.000000
0.000000
0.000000
0.000000
0.000000
0.000000
0.000000
0.000000
0.000000
0.000000
0.000000
0.000000
