0.000000
0.000089
0.000255
0.000564
0.001143
0.002233
0.004284
0.008148
0.015426
0.029141
0.054986
0.103690
0.195476
0.368454
0.694444
0.672265
0.650794
0.630009
0.609887
0.590409
0.571552
0.553298
0.535626
0.518519
0.501959
0.485927
0.470407
0.455383
0.440839
0.426760
0.413130
0.399935
0.387162
0.374796
0.362826
0.351238
0.340020
0.329160
0.318648
0.308471
0.298619
0.289081
0.279848
0.270911
0.262258
0.253882
0.245773
0.237924
0.230325
0.222969
0.215848
0.208954
0.202280
0.195820
0.189566
0.183511
0.177650
0.171976
0.166484
0.161166
0.156019
0.151036
0.146212
0.141542
0.137022
0.132646
0.128409
0.124308
0.120338
0.116494
0.112774
0.109172
0.105685
0.102310
0.099042
0.095879
0.092817
0.089852
0.086983
0.084205
0.081515
0.078912
0.076391
0.073952
0.071590
0.069303
0.067090
0.064947
0.062873
0.060865
0.058921
0.057039
0.055217
0.053454
0.051747
0.050094
0.048494
0.046945
0.045446
0.043994
0.042589
0.041229
0.039912
0.038637
0.037403
0.036209
0.035052
0.033933
0.032849
0.031800
0.030784
0.029801
0.028849
0.027928
0.027036
0.026173
0.025337
0.024527
0.023744
0.022986
0.022252
0.021541
0.020853
0.020187
0.019542
0.018918
0.018314
0.017729
0.017163
0.016615
0.016084
0.015570
0.015073
0.014592
0.014125
0.013674
0.013238
0.012815
0.012406
0.012009
0.011626
0.011254
0.010895
0.010547
0.010210
0.009884
0.009568
0.009263
0.008967
0.008681
0.008403
0.008135
0.007875
0.007624
0.007380
0.007144
0.006916
0.006695
0.006482
0.006275
0.006074
0.005880
0.005692
0.005511
0.005335
0.005164
0.004999
0.004840
0.004685
0.004535
0.004390
0.004250
0.004115
0.003983
0.003856
0.003733
0.003614
0.003498
0.003386
0.003278
0.003174
0.003072
0.002974
0.002879
0.002787
0.002698
0.002612
0.002529
0.002448
0.002370
0.002294
0.002221
0.002150
0.002081
0.002015
0.001950
0.001888
0.001828
0.001769
0.001713
0.001658
0.001605
0.001554
0.001504
0.001456
0.001410
0.001365
0.001321
0.001279
0.001238
0.001198
0.001160
0.001123
0.001087
0.001053
0.001019
0.000986
0.000955
0.000924
0.000895
0.000866
0.000839
0.000812
0.000786
0.000761
0.000737
0.000713
0.000690
0.000668
0.000647
0.000626
0.000606
0.000587
0.000568
0.000550
0.000532
0.000515
0.000499
0.000483
0.000468
0.000453
0.000438
0.000424
0.000411
0.000398
0.000385
0.000373
0.000361
0.000349
0.000338
0.000327
0.000317
0.000307
0.000297
0.000287
0.000278
0.000269
0.000261
0.000252
0.000244
0.000236
0.000229
0.000222
0.000215
0.000208
0.000201
0.000195
0.000188
0.000182
0.000177
0.000171
0.000165
0.000160
0.000155
0.000150
0.000145
0.000141
0.000136
0.000132
0.000128
0.000124
0.000120
0.000116
0.000112
0.000109
0.000105
0.000102
0.000098
0.000095
0.000092
0.000089
0.000086
0.000084
0.000081
0.000078
0.000076
0.000074
0.000071
0.000069
0.000067
0.000065
0.000062
0.000060
0.000059
0.000057
0.000055
0.000053
0.000051
0.000050
0.000048
0.000047
0.000045
0.000044
0.000042
0.000041
0.000040
0.000038
0.000037
0.000036
0.000035
0.000034
0.000033
0.000032
0.000031
0.000030
0.000029
0.000028
0.000027
0.000026
0.000025
0.000024
0.000024
0.000023
0.000022
0.000021
0.000021
0.000020
0.000019
0.000019
0.000018
0.000018
0.000017
0.000017
0.000016
0.000015
0.000015
0.000015
0.000014
0.000014
0.000013
0.000013
0.000012
0.000012
0.000012
0.000011
0.000011
0.000010
0.000010
0.000010
0.000010
0.000009
0.000009
0.000009
0.000008
0.000008
0.000008
0.000008
0.000007
0.000007
0.000007
0.000007
0.000006
0.000006
0.000006
0.000006
0.000006
0.000005
0.000005
0.000005
0.000005
0.000005
0.000005
0.000005
0.000004
0.000004
0.000004
0.000004
0.000004
0.000004
0.000004
0.000003
0.000003
0.000003
0.000003
0.000003
0.000003
0.000003
0.000003
0.000003
0.000003
0.000003
0.000002
0.000002
0.000002
0.000002
0.000002
0.000002
0.000002
0.000002
0.000002
0.000002
0.000002
0.000002
0.000002
0.000002
0.000002
0.000001
0.000001
0.000001
0.000001
0.000001
0.000001
0.000001
0.000001
0.000001
0.000001
0.000001
0.000001
0.000001
0.000001
0.000001
0.000001
0.000001
0.000001
0.000001
0.000001
0.000001
0.000001
0.000001
0.000001
0.000001
0.000001
0.000001
0.000001
0.000001
0.000001
0.000001
0.000001
0.000001
0.000001
0.000000
0.000000
0.000000
0.000000
0.000000
0.000000
0.000000
0.000000
0.000000
0.000000
0.000000
0.000000
0.000000
0.000000
0.000000
0.000000
0.000000
0.000000
0.000000
0.000000
0.000000
0.000000
0.000000
0.000000
0.000000
0.000000
0.000000
0.000000
0.000000
0.000000
0.000000
0.000000
0.000000
0.000000
0.000000
0.000000
0.000000
0.000000
0.000000
0.000000
0.000000
0.000000
0.000000
0.000000
0.000000
0.000000
0.000000
0.000000
0.000000
0.000000
0.000000
0.000000
0.000000
0.000000
0.000000
0.000000
0.000000
0.000000
0.000000
0.000000
0.000000
0.000000
0.000000
0.000000
0.000000
0.000000
0.000000
0.000000
0.000000
0.000000
0.000000
0.000000
0.000000
0.000000
0.000000
0.000000
0.000000
0.000000
0.000000
0.000000
0.000000
0.000000
0.000000
0.000000
0.000000
0.000000
0.000000
0.000000
0.000000
0.000000
0.000000
0.000000
0.000000
0.000000
0.000000
0.000000
0.000000
0.000000
0.000000
0.000000
0.000000
0.000000
0.000000
0.000000
0.000000
0.000000
0.000000
0.000000
0.000000
0.000000
0.000000
0.000000
0.000000
0.000000
0.000000
0.000000
0.000000
0.000000
0.000000
0.000000
0.000000
0.000000
