0.000000
0.000116
0.000403
0.001112
0.002872
0.007246
0.018117
0.045140
0.112315
0.279308
0.694444
0.678412
0.662749
0.647449
0.632501
0.617898
0.603633
0.589697
0.576083
0.562783
0.549790
0.537097
0.524697
0.512583
0.500749
0.489188
0.477895
0.466861
0.456083
0.445554
0.435267
0.425218
0.415401
0.405811
0.396442
0.387289
0.378348
0.369613
0.361080
0.352744
0.344600
0.336644
0.328872
0.321279
0.313862
0.306616
0.299537
0.292622
0.285866
0.279266
0.272819
0.266520
0.260367
0.254356
0.248484
0.242747
0.237143
0.231668
0.226319
0.221094
0.215990
0.211003
0.206132
0.201373
0.196724
0.192182
0.187745
0.183411
0.179176
0.175040
0.170999
0.167051
0.163194
0.159426
0.155746
0.152150
0.148637
0.145206
0.141853
0.138578
0.135379
0.132254
0.129200
0.126217
0.123303
0.120457
0.117676
0.114959
0.112305
0.109712
0.107179
0.104705
0.102287
0.099926
0.097619
0.095365
0.093164
0.091013
0.088912
0.086859
0.084854
0.082895
0.080981
0.079111
0.077285
0.075500
0.073757
0.072055
0.070391
0.068766
0.067178
0.065627
0.064112
0.062632
0.061186
0.059773
0.058393
0.057045
0.055728
0.054442
0.053185
0.051957
0.050757
0.049586
0.048441
0.047323
0.046230
0.045163
0.044120
0.043101
0.042106
0.041134
0.040185
0.039257
0.038350
0.037465
0.036600
0.035755
0.034930
0.034123
0.033335
0.032566
0.031814
0.031080
0.030362
0.029661
0.028976
0.028307
0.027654
0.027015
0.026392
0.025782
0.025187
0.024606
0.024037
0.023483
0.022940
0.022411
0.021893
0.021388
0.020894
0.020412
0.019941
0.019480
0.019030
0.018591
0.018162
0.017743
0.017333
0.016933
0.016542
0.016160
0.015787
0.015422
0.015066
0.014718
0.014379
0.014047
0.013722
0.013406
0.013096
0.012794
0.012498
0.012210
0.011928
0.011653
0.011384
0.011121
0.010864
0.010613
0.010368
0.010129
0.009895
0.009667
0.009443
0.009225
0.009012
0.008804
0.008601
0.008402
0.008208
0.008019
0.007834
0.007653
0.007476
0.007304
0.007135
0.006970
0.006809
0.006652
0.006499
0.006349
0.006202
0.006059
0.005919
0.005782
0.005649
0.005518
0.005391
0.005267
0.005145
0.005026
0.004910
0.004797
0.004686
0.004578
0.004472
0.004369
0.004268
0.004169
0.004073
0.003979
0.003887
0.003798
0.003710
0.003624
0.003541
0.003459
0.003379
0.003301
0.003225
0.003150
0.003078
0.003007
0.002937
0.002869
0.002803
0.002738
0.002675
0.002613
0.002553
0.002494
0.002437
0.002380
0.002325
0.002272
0.002219
0.002168
0.002118
0.002069
0.002021
0.001975
0.001929
0.001884
0.001841
0.001798
0.001757
0.001716
0.001677
0.001638
0.001600
0.001563
0.001527
0.001492
0.001457
0.001424
0.001391
0.001359
0.001327
0.001297
0.001267
0.001238
0.001209
0.001181
0.001154
0.001127
0.001101
0.001076
0.001051
0.001027
0.001003
0.000980
0.000957
0.000935
0.000914
0.000892
0.000872
0.000852
0.000832
0.000813
0.000794
0.000776
0.000758
0.000740
0.000723
0.000707
0.000690
0.000674
0.000659
0.000644
0.000629
0.000614
0.000600
0.000586
0.000573
0.000559
0.000546
0.000534
0.000522
0.000509
0.000498
0.000486
0.000475
0.000464
0.000453
0.000443
0.000433
0.000423
0.000413
0.000403
0.000394
0.000385
0.000376
0.000367
0.000359
0.000351
0.000343
0.000335
0.000327
0.000319
0.000312
0.000305
0.000298
0.000291
0.000284
0.000278
0.000271
0.000265
0.000259
0.000253
0.000247
0.000241
0.000236
0.000230
0.000225
0.000220
0.000215
0.000210
0.000205
0.000200
0.000196
0.000191
0.000187
0.000182
0.000178
0.000174
0.000170
0.000166
0.000162
0.000158
0.000155
0.000151
0.000148
0.000144
0.000141
0.000138
0.000135
0.000131
0.000128
0.000125
0.000123
0.000120
0.000117
0.000114
0.000112
0.000109
0.000107
0.000104
0.000102
0.000099
0.000097
0.000095
0.000093
0.000090
0.000088
0.000086
0.000082
0.000077
0.000068
0.000048
0.000000
